495 835
630 670
315 105
459 135
813 503
5 721
901 78
125 949
527 262
866 786
493 616
45 913
158 20
209 510
462 290
757 220
516 926
565 729
858 632
166 939
614 102
412 161
850 946
944 6
544 3
824 964
159 280
863 155
706 995
562 536
183 404
17 231
575 593
36 961
466 129
185 784
837 558
149 46
888 647
288 633
422 537
19 506
51 485
910 36
416 871
481 310
29 251
310 148
666 925
816 760
591 383
77 427
857 384
523 819
6 654
4 168
878 249
343 136
619 34
267 719
202 501
791 854
190 264
349 708
597 631
14 982
121 879
906 525
742 288
859 909
922 527
541 922
720 674
30 938
25 105
31 107
407 529
674 975
692 911
561 919
435 165
43 258
735 643
2 244
590 414
87 940
227 629
301 451
946 360
379 371
195 373
356 255
328 56
755 667
105 808
665 277
369 91
440 460
525 753
491 588
50 869
691 900
24 396
881 676
368 812
377 32
739 664
636 381
215 174
172 972
363 497
476 883
289 921
644 548
766 29
12 716
452 411
428 541
523 996
404 800
756 773
864 888
133 596
703 931
989 983
235 859
490 792
549 821
599 88
219 52
618 957
559 488
905 665
242 246
943 714
672 783
383 496
385 447
871 717
705 260
212 5
873 568
381 950
741 118
136 144
647 660
132 197
877 84
226 367
912 796
595 904
358 253
461 124
302 780
350 581
170 61
221 576
135 863
199 83
996 471
295 229
474 540
868 864
611 837
273 544
11 658
779 897
615 998
279 566
111 577
246 259
323 941
765 781
542 75
583 700
260 207
828 724
320 80
177 203
172 846
340 39
670 71
803 969
211 576
817 149
734 981
777 521
956 650
821 973
365 738
298 951
812 839
947 486
208 348
316 156
366 907
679 541
230 94
768 180
895 843
811 176
255 635
486 526
663 405
154 928
805 627
557 722
251 731
152 343
928 74
564 388
298 216
546 70
567 618
27 910
921 9
482 859
669 625
926 915
650 332
139 347
91 304
58 680
941 923
6 651
269 508
247 462
626 804
534 28
634 980
262 274
853 458
769 932
744 918
344 236
9 733
758 378
852 590
238 201
446 116
687 794
882 706
945 947
120 250
378 994
240 750
283 570
137 126
646 146
184 995
577 325
772 528
470 782
420 748
463 668
750 389
207 153
696 535
264 26
413 972
422 8
536 316
781 818
361 598
52 744
508 601
752 930
728 756
620 175
431 555
13 958
96 567
153 544
629 305
913 179
173 937
274 768
707 895
271 293
897 757
992 456
782 17
642 720
783 401
44 122
952 204
839 512
927 114
484 76
241 479
889 362
492 705
896 550
714 73
731 776
694 806
294 968
439 92
322 357
869 815
362 476
222 408
538 908
776 574
370 587
607 779
408 828
950 960
903 626
207 307
48 688
635 951
391 223
330 683
722 37
27 950
296 342
502 300
99 599
326 788
160 615
83 120
475 543
628 352
970 881
688 814
904 63
454 669
954 221
870 213
67 663
784 648
76 385
734 738
143 685
829 200
63 23
110 400
130 742
313 399
539 370
822 312
700 330
79 467
194 602
780 269
82 163
984 635
683 354
472 736
2 648
759 4
848 247
220 829
210 191
855 311
894 998
550 463
836 519
384 103
458 45
243 745
693 85
528 417
389 954
762 671
681 393
918 181
497 432
171 914
32 987
809 287
494 428
890 906
690 382
100 955
218 532
129 606
156 502
556 115
654 962
480 364
186 109
661 604
520 67
118 959
182 13
140 580
323 421
976 334
854 537
957 810
572 649
573 892
126 353
702 455
820 978
355 338
726 142
331 182
942 639
603 358
993 170
131 676
790 944
626 267
800 97
515 138
423 199
289 966
830 833
958 564
685 377
937 853
602 702
652 644
754 130
936 565
933 689
489 920
719 769
955 320
45 228
746 979
526 860
314 374
304 639
325 62
272 309
107 171
415 726
770 569
519 791
998 850
823 177
92 47
740 68
78 491
200 50
751 308
752 613
747 31
732 58
985 435
909 440
854 940
604 137
84 226
15 988
409 289
375 797
348 522
290 275
211 646
106 617
833 43
832 452
980 480
760 889
792 637
144 395
112 572
42 57
303 989
395 224
718 210
327 284
775 997
608 996
405 545
827 869
633 730
785 394
999 335
153 530
581 858
131 566
860 298
771 636
68 823
799 215
373 820
844 851
475 470
197 817
678 419
421 740
193 406
234 539
28 848
354 339
406 446
598 816
308 166
318 601
841 884
576 662
769 865
699 430
923 301
645 415
505 838
566 830
255 661
163 516
249 30
658 608
48 64
281 356
419 509
987 799
856 234
263 154
801 793
46 322
808 265
827 279
390 547
275 812
685 920
592 611
729 211
261 331
477 727
796 402
336 725
975 437
284 585
786 624
18 971
641 893
471 327
761 409
697 423
399 496
929 306
500 826
119 687
351 482
300 534
972 484
898 695
991 840
70 53
704 379
398 41
277 225
39 878
887 295
789 307
983 359
376 468
292 328
37 202
849 582
968 945
329 845
97 899
26 728
425 232
333 431
56 518
596 134
639 193
250 755
201 390
372 798
787 361
333 595
934 807
478 787
835 762
90 465
189 870
594 628
664 710
686 642
451 524
900 942
655 261
430 187
773 159
640 278
449 157
165 416
187 743
834 585
453 967
456 886
429 933
270 127
122 464
179 963
648 18
299 344
749 472
392 89
582 712
694 982
258 751
978 113
438 885
643 678
275 206
222 495
437 376
306 368
659 133
337 513
28 916
380 474
961 790
613 169
24 996
843 59
893 543
951 16
486 645
124 645
974 397
397 140
147 489
723 887
142 897
763 686
402 66
797 638
432 711
794 425
537 746
662 804
239 237
38 193
518 802
593 560
450 42
940 659
748 589
615 492
483 494
54 369
847 196
318 299
254 771
34 941
637 355
973 239
660 597
81 853
113 656
424 930
104 764
134 974
917 302
75 21
627 164
517 438
204 403
504 621
110 368
7 603
179 858
145 929
117 698
886 185
334 993
935 420
818 693
967 832
840 412
874 948
445 511
342 694
671 849
115 901
3 63
184 903
916 842
176 493
191 731
388 434
806 82
997 227
737 413
223 111
213 96
16 801
668 291
793 25
814 531
89 27
341 551
23 54
924 917
414 826
307 641
138 503
503 559
743 924
428 363
574 257
263 947
543 561
730 927
664 831
788 426
154 363
217 434
40 785
164 679
569 245
311 341
3 841
1 457
879 372
571 739
49 323
554 620
682 586
623 909
986 152
248 233
838 333
60 703
71 777
256 365
892 93
851 877
522 453
280 552
399 337
174 609
795 128
610 69
551 652
374 238
485 655
433 630
86 99
962 825
553 767
524 774
339 514
587 505
64 386
724 739
22 90
891 131
724 340
545 865
304 49
990 677
237 286
579 538
717 970
282 256
447 112
94 747
915 106
564 598
339 421
506 985
418 915
205 172
341 879
709 186
530 366
321 273
352 108
621 557
396 875
953 856
669 889
659 937
506 612
98 925
624 855
235 40
725 222
925 189
148 573
400 349
332 699
931 336
965 874
165 292
764 741
265 303
818 948
325 777
441 749
673 772
341 709
721 549
532 752
49 622
499 634
371 713
448 834
357 243
548 151
510 51
93 584
418 65
774 132
606 178
285 208
455 292
55 469
360 72
309 657
259 696
521 319
588 587
102 839
609 775
638 578
257 948
157 675
862 230
831 526
257 448
410 894
701 266
932 326
948 194
335 81
721 870
540 733
169 95
949 761
778 619
317 350
247 787
80 22
10 715
10 172
568 270
540 313
600 167
589 147
908 272
769 983
175 684
473 173
959 212
370 824
842 442
161 866
101 391
21 422
994 813
198 475
911 123
178 110
109 759
971 345
25 268
155 857
631 692
552 121
457 198
353 449
251 844
66 876
677 195
807 666
680 317
865 533
167 607
753 143
244 439
245 604
347 410
393 477
512 329
146 653
229 986
586 754
656 723
138 444
203 241
236 100
885 477
846 252
360 466
436 867
162 235
695 868
875 553
426 701
622 507
35 990
616 228
232 141
394 688
675 443
689 294
514 778
14 831
403 862
966 965
228 515
150 461
253 623
963 318
982 766
125 133
676 323
328 847
393 86
560 271
114 902
468 99
795 869
257 848
651 321
278 976
867 673
804 977
798 921
0 873
41 473
713 145
279 450
815 710
65 15
861 139
919 1
364 263
180 2
62 392
108 483
85 912
233 936
486 517
995 240
464 407
964 499
312 55
507 554
33 953
142 24
417 314
287 890
451 927
59 556
103 498
225 11
533 809
8 985
467 445
563 735
284 375
711 811
73 789
712 150
605 546
135 247
649 803
192 495
57 315
914 60
181 999
268 571
555 852
102 209
736 898
206 682
573 941
293 490
612 690
531 861
116 765
715 459
196 882
188 296
216 591
825 718
880 704
291 651
685 999
570 935
810 592
802 795
960 734
585 478
217 792
151 579
386 7
617 429
443 600
872 14
496 205
625 35
286 805
699 761
387 351
324 282
969 433
884 952
979 184
578 214
750 794
297 441
305 48
501 12
547 79
716 991
319 916
69 732
529 418
657 542
479 424
276 160
338 770
876 77
123 324
270 782
819 583
38 605
733 285
513 827
684 563
217 158
653 242
165 980
337 954
211 897
72 758
53 436
345 87
61 943
727 905
498 254
401 190
231 984
938 562
601 707
930 125
382 276
939 595
826 763
266 104
88 640
168 283
767 681
488 117
214 520
60 565
74 614
738 218
710 387
411 709
535 575
359 10
745 44
667 691
444 0
698 217
902 934
245 219
509 183
372 572
977 162
47 847
427 188
883 891
141 872
86 33
95 610
465 697
907 992
224 523
899 504
511 594
442 346
487 500
584 297
920 38
434 19
469 192
252 880
460 98
367 398
414 487
20 672
128 281
580 119
558 481
988 737
845 248
708 380
127 822
623 466
346 956
981 896
131 747
632 454
81 101